79.7297
78.898
78.0695
77.2444
76.4227
75.6046
74.7902
73.9796
73.1729
72.3702
71.5716
70.7771
69.9869
69.201
68.4195
67.6425
66.8698
66.1017
65.338
64.5787
63.8238
63.0732
62.3268
61.5844
60.8459
60.1109
59.3794
58.6507
57.9247
57.2006
56.478
55.756
55.0338
54.3102
53.5838
52.853
52.1156
51.3687
50.6085
49.8297
49.0246
48.1817
47.284
46.3388
46.2992
47.1563
47.976
48.7536
49.504
50.2371
50.9593
51.6749
52.387
53.0977
53.8086
54.5209
55.2356
55.9531
56.6742
57.399
58.128
58.8612
59.5988
60.3408
61.0873
61.8382
62.5934
63.3529
64.1166
64.8844
65.6561
66.4315
67.2107
67.9933
68.7792
69.5683
70.3605
71.1555
71.9532
72.7534
73.5561
74.3609
75.1679
75.9768
76.7875
77.5999
78.4138
79.2291
80.0457
80.8634
81.6821
82.5018
83.3222
84.1434
84.9651
85.7873
86.6099
87.4328
88.2559
89.079
89.9023
90.7254
91.5484
92.3712
93.1937
94.0158
94.8375
95.6587
96.4793
97.2993
98.1185
98.937
99.7546
100.571
101.387
102.202
103.016
103.828
104.64
105.45
106.259
107.067
107.873
108.678
109.481
110.283
111.083
111.881
112.678
113.473
114.266
115.058
115.847
116.634
117.42
118.203
118.984
119.763
120.54
121.315
122.087
122.856
123.623
124.388
125.149
125.908
126.665
127.418
128.168
128.916
129.66
130.4
131.138
131.872
132.602
133.329
134.052
134.771
135.485
136.196
136.902
137.603
138.3
138.991
