186.852
186.852
186.852
186.852
186.852
186.852
186.852
186.852
186.852
186.852
186.852
186.852
186.852
186.852
186.852
186.852
186.852
186.852
186.852
186.852
186.852
186.852
186.852
186.852
186.852
186.852
186.852
186.852
186.852
186.852
186.852
186.852
186.852
186.852
186.852
186.852
186.852
186.852
186.852
186.852
186.852
186.852
186.852
186.852
186.852
186.852
186.852
186.852
186.853
186.853
186.853
186.853
186.853
186.853
186.853
186.853
186.853
186.853
186.853
186.853
186.853
186.853
186.853
186.853
186.853
186.853
186.853
186.853
186.853
186.853
186.853
186.854
186.854
186.854
186.854
186.854
186.854
186.854
186.854
186.854
186.854
186.854
186.854
186.854
186.854
186.854
186.854
186.854
186.854
186.854
186.855
186.855
186.855
186.855
186.855
186.855
186.855
186.855
186.855
186.855
186.855
186.855
186.855
186.855
186.856
186.856
186.856
186.856
186.856
186.856
186.856
186.856
186.856
186.856
186.856
186.856
186.856
186.857
186.857
186.857
186.857
186.857
186.857
186.857
186.857
186.857
186.857
186.857
186.857
186.858
186.858
186.858
186.858
186.858
186.858
186.858
186.858
186.858
186.858
186.858
186.859
186.859
186.859
186.859
186.859
186.859
186.859
186.859
186.859
186.859
186.86
186.86
186.86
186.86
186.86
186.86
186.86
186.86
186.86
186.861
186.861
186.861
186.861
186.861
186.861
186.861
186.861
186.861
186.862
186.862
186.862
186.862
186.862
186.862
186.862
186.862
186.862
186.863
186.863
186.863
186.863
186.863
186.863
186.863
186.863
186.864
186.864
186.864
186.864
186.864
186.864
186.864
186.864
186.865
186.865
186.865
186.865
186.865
186.865
186.865
186.865
186.866
186.866
186.866
186.866
186.866
186.866
186.866
186.867
186.867
186.867
186.867
186.867
186.867
186.867
186.867
186.868
186.868
186.868
186.868
186.868
186.868
186.868
186.869
186.869
186.869
186.869
186.869
186.869
186.87
186.87
186.87
186.87
186.87
186.87
186.87
186.871
186.871
186.871
186.871
186.871
186.871
186.872
186.872
186.872
186.872
186.872
186.872
186.873
186.873
186.873
186.873
186.873
186.873
186.873
186.874
186.874
186.874
186.874
186.874
186.875
186.875
186.875
186.875
186.875
186.875
186.876
186.876
186.876
186.876
186.876
186.876
186.877
186.877
186.877
186.877
186.877
186.878
186.878
186.878
186.878
186.878
186.878
186.879
186.879
186.879
186.879
186.879
186.88
186.88
186.88
186.88
186.88
186.881
186.881
186.881
186.881
186.881
186.882
186.882
186.882
186.882
186.882
186.882
186.883
186.883
186.883
186.883
186.883
186.884
186.884
186.884
186.884
186.884
186.885
186.885
186.885
186.885
186.885
186.886
186.886
186.886
186.886
186.886
186.887
186.887
186.887
186.887
186.887
186.888
186.888
186.888
186.888
186.889
186.889
186.889
186.889
186.889
186.89
186.89
186.89
186.89
186.891
186.891
186.891
186.891
186.891
186.892
186.892
186.892
186.892
186.893
186.893
186.893
186.893
186.893
186.894
186.894
186.894
186.894
186.895
186.895
186.895
186.895
186.896
186.896
186.896
186.896
186.896
186.897
186.897
186.897
186.897
186.898
186.898
186.898
186.898
186.899
186.899
186.899
186.899
186.9
186.9
186.9
186.9
186.901
186.901
186.901
186.901
186.902
186.902
186.902
186.902
186.903
186.903
186.903
186.903
186.904
186.904
186.904
186.904
186.905
186.905
186.905
186.905
186.906
186.906
186.906
186.906
186.907
186.907
186.907
186.908
186.908
186.908
186.908
186.909
186.909
186.909
186.909
186.91
186.91
186.91
186.911
186.911
186.911
186.911
186.912
186.912
186.912
186.912
186.913
186.913
186.913
186.914
186.914
186.914
186.914
186.915
186.915
186.915
186.916
186.916
186.916
186.916
186.917
186.917
186.917
186.918
186.918
186.918
186.919
186.919
186.919
186.919
186.92
186.92
186.92
186.921
186.921
186.921
186.921
186.922
186.922
186.922
186.923
186.923
186.923
186.924
186.924
186.924
186.925
186.925
186.925
186.925
186.926
186.926
186.926
186.927
186.927
186.927
186.928
186.928
186.928
186.929
186.929
186.929
186.93
186.93
186.93
186.931
186.931
186.931
186.931
186.932
186.932
186.932
186.933
186.933
186.933
186.934
186.934
186.934
186.935
186.935
186.935
186.936
186.936
186.936
186.937
186.937
186.937
186.938
186.938
186.938
186.939
186.939
186.939
186.94
186.94
186.94
186.941
186.941
186.941
186.942
186.942
186.943
186.943
186.943
186.944
186.944
186.944
186.945
186.945
186.945
186.946
186.946
186.946
186.947
186.947
186.947
186.948
186.948
186.948
186.949
186.949
186.95
186.95
186.95
186.951
186.951
186.951
186.952
186.952
186.952
186.953
186.953
186.953
186.954
186.954
186.955
186.955
186.955
186.956
186.956
186.956
186.957
186.957
186.957
186.958
186.958
186.959
186.959
186.959
186.96
186.96
186.96
186.961
186.961
186.962
186.962
186.962
186.963
186.963
186.963
186.964
186.964
186.965
186.965
186.965
186.966
186.966
186.966
186.967
186.967
186.968
186.968
186.968
186.969
186.969
186.97
186.97
186.97
186.971
186.971
186.971
186.972
186.972
186.973
186.973
186.973
186.974
186.974
186.975
186.975
186.975
186.976
186.976
186.977
186.977
186.977
186.978
186.978
186.979
186.979
186.979
186.98
186.98
186.981
186.981
186.982
186.982
186.982
186.983
186.983
186.984
186.984
186.984
186.985
186.985
186.986
186.986
186.986
186.987
186.987
186.988
186.988
186.989
186.989
186.989
186.99
186.99
186.991
186.991
186.992
186.992
186.992
186.993
186.993
186.994
186.994
186.995
186.995
186.995
186.996
186.996
186.997
186.997
186.998
186.998
186.998
186.999
186.999
187
187
187.001
187.001
187.002
187.002
187.002
187.003
187.003
187.004
187.004
187.005
187.005
187.005
187.006
187.006
187.007
187.007
187.008
187.008
187.009
187.009
187.01
187.01
187.01
187.011
187.011
187.012
187.012
187.013
187.013
187.014
187.014
187.015
187.015
187.016
187.016
187.016
187.017
187.017
187.018
187.018
187.019
187.019
187.02
187.02
187.021
187.021
187.022
187.022
187.023
187.023
187.023
187.024
187.024
187.025
187.025
187.026
187.026
187.027
187.027
187.028
187.028
187.029
187.029
187.03
187.03
187.031
187.031
187.032
187.032
187.033
187.033
187.034
187.034
187.035
187.035
187.036
187.036
187.037
187.037
187.037
187.038
187.038
187.039
187.039
187.04
187.04
187.041
187.041
187.042
187.042
187.043
187.044
187.044
187.044
187.045
187.045
187.046
187.047
187.047
187.048
187.048
187.049
187.049
187.05
187.05
187.051
187.051
187.052
187.052
187.053
187.053
187.054
187.054
187.055
187.055
187.056
187.056
187.057
187.057
187.058
187.058
187.059
187.059
187.06
187.06
187.061
187.061
187.062
187.063
187.063
187.064
187.064
187.065
187.065
187.066
187.066
187.067
187.067
187.068
187.068
187.069
187.069
187.07
187.071
187.071
187.072
187.072
187.073
187.073
187.074
187.074
187.075
187.075
187.076
187.076
187.077
187.078
187.078
187.079
187.079
187.08
187.08
187.081
187.081
187.082
187.083
187.083
187.084
187.084
187.085
187.085
187.086
187.086
187.087
187.088
187.088
187.089
187.089
187.09
187.09
187.091
187.091
187.092
187.093
187.093
187.094
187.094
187.095
187.095
187.096
187.097
187.097
187.098
187.098
187.099
187.099
187.1
187.101
187.101
187.102
187.102
187.103
187.103
187.104
187.105
187.105
187.106
187.106
187.107
187.107
187.108
187.109
187.109
187.11
187.11
187.111
187.112
187.112
187.113
187.113
187.114
187.114
187.115
187.116
187.116
187.117
187.117
187.118
187.118
187.119
187.12
187.12
187.121
187.121
187.122
187.123
187.123
187.124
187.124
187.125
187.126
187.126
187.127
187.127
187.128
187.128
187.129
187.13
187.13
187.131
187.131
187.132
187.133
187.133
187.134
187.134
187.135
187.136
187.136
187.137
187.137
187.138
187.139
187.139
187.14
187.141
187.141
187.142
187.142
187.143
187.144
187.144
187.145
187.145
187.146
187.147
187.147
187.148
187.148
187.149
187.15
187.15
187.151
187.151
187.152
187.153
187.153
187.154
187.155
187.155
187.156
187.156
187.157
187.158
187.158
187.159
187.16
187.16
187.161
187.161
187.162
187.163
187.163
187.164
187.165
187.165
187.166
187.166
187.167
187.168
187.168
187.169
187.17
187.17
187.171
187.172
187.172
187.173
187.173
187.174
187.175
187.175
187.176
187.177
187.177
187.178
187.179
187.179
187.18
187.181
187.181
187.182
187.183
187.183
187.184
187.184
187.185
187.186
187.186
187.187
187.188
187.188
187.189
187.19
187.19
187.191
187.192
187.192
187.193
187.194
187.194
187.195
187.196
187.196
187.197
187.198
187.198
187.199
187.2
187.2
187.201
187.202
187.202
187.203
187.204
187.204
187.205
187.206
187.206
187.207
187.208
187.208
187.209
187.21
187.21
187.211
187.212
187.212
187.213
187.214
187.214
187.215
187.216
187.217
187.217
187.218
187.219
187.219
187.22
187.221
187.221
187.222
187.223
187.223
187.224
187.225
187.226
187.226
187.227
187.228
187.228
187.229
187.23
187.23
187.231
187.232
187.232
187.233
187.234
187.235
187.235
187.236
187.237
187.237
187.238
187.239
187.24
187.24
187.241
187.242
187.242
187.243
187.244
187.244
187.245
187.246
187.247
187.247
187.248
187.249
187.249
187.25
187.251
187.252
187.252
187.253
187.254
187.255
187.255
187.256
187.257
187.257
187.258
187.259
187.26
187.26
187.261
187.262
187.262
187.263
187.264
187.265
187.265
187.266
187.267
187.268
187.268
187.269
187.27
187.271
187.271
187.272
187.273
187.273
187.274
187.275
187.276
187.276
187.277
187.278
187.279
187.279
187.28
187.281
187.282
187.282
187.283
187.284
187.285
187.285
187.286
187.287
187.288
187.288
187.289
187.29
187.291
187.291
187.292
187.293
187.294
187.294
187.295
187.296
187.297
187.297
187.298
187.299
187.3
187.301
187.301
187.302
187.303
187.304
187.304
187.305
187.306
187.307
187.307
187.308
187.309
187.31
187.31
187.311
187.312
187.313
187.314
187.314
187.315
187.316
187.317
187.317
187.318
187.319
187.32
187.321
187.321
187.322
187.323
187.324
187.325
187.325
187.326
187.327
187.328
187.328
187.329
187.33
187.331
187.332
187.332
187.333
187.334
187.335
187.336
187.336
187.337
187.338
187.339
187.34
187.34
187.341
187.342
187.343
187.344
187.344
187.345
187.346
187.347
187.348
187.348
187.349
187.35
187.351
187.352
187.352
187.353
187.354
187.355
187.356
187.356
187.357
187.358
187.359
187.36
187.36
187.361
187.362
187.363
187.364
187.364
187.365
187.366
187.367
187.368
187.369
187.369
187.37
187.371
187.372
187.373
187.373
187.374
187.375
187.376
187.377
187.378
187.378
187.379
187.38
187.381
187.382
187.383
187.383
187.384
187.385
187.386
187.387
187.388
187.388
187.389
187.39
187.391
187.392
187.393
187.393
187.394
187.395
187.396
187.397
187.398
187.398
187.399
187.4
187.401
187.402
187.403
187.403
187.404
187.405
187.406
187.407
187.408
187.409
187.409
187.41
187.411
187.412
187.413
187.414
187.415
187.415
187.416
187.417
187.418
187.419
187.42
187.42
187.421
187.422
187.423
187.424
187.425
187.426
187.427
187.427
187.428
187.429
187.43
187.431
187.432
187.433
187.433
187.434
187.435
187.436
187.437
187.438
187.439
187.439
187.44
187.441
187.442
187.443
187.444
187.445
187.446
187.446
187.447
187.448
187.449
187.45
187.451
187.452
187.453
187.453
187.454
187.455
187.456
187.457
187.458
187.459
187.46
187.461
187.461
187.462
187.463
187.464
187.465
187.466
187.467
187.468
187.469
187.469
187.47
187.471
187.472
187.473
187.474
187.475
187.476
187.477
187.477
187.478
187.479
187.48
187.481
187.482
187.483
187.484
187.485
187.486
187.487
187.487
187.488
187.489
187.49
187.491
187.492
187.493
187.494
187.495
187.496
187.497
187.497
187.498
187.499
187.5
187.501
187.502
187.503
187.504
187.505
187.506
187.507
187.508
187.508
187.509
187.51
187.511
187.512
187.513
187.514
187.515
187.516
187.517
187.518
187.519
187.52
187.521
187.521
187.522
187.523
187.524
187.525
187.526
187.527
187.528
187.529
187.53
187.531
187.532
187.533
187.534
187.535
187.535
187.536
187.537
187.538
187.539
187.54
187.541
187.542
187.543
187.544
187.545
187.546
187.547
187.548
187.549
187.55
187.551
187.552
187.553
187.553
187.554
187.555
187.556
187.557
187.558
187.559
187.56
187.561
187.562
187.563
187.564
187.565
187.566
187.567
187.568
187.569
187.57
187.571
187.572
187.573
187.573
187.574
187.575
187.576
187.577
187.578
187.579
187.58
187.581
187.582
187.583
187.584
187.585
187.586
187.587
187.588
187.589
187.59
187.591
187.592
187.593
187.594
187.595
187.596
187.597
187.598
187.599
187.6
187.601
187.602
187.603
187.604
187.605
187.606
187.606
187.607
187.608
187.609
187.61
187.611
187.612
187.613
187.614
187.615
187.616
187.617
187.618
187.619
187.62
187.621
187.622
187.623
187.624
187.625
187.626
187.627
187.628
187.629
187.63
187.631
187.632
187.633
187.634
187.635
187.636
187.637
187.638
187.639
187.64
187.641
187.642
187.643
187.644
187.645
187.646
187.647
187.648
187.649
187.65
187.651
187.652
187.653
187.654
187.655
187.656
187.657
187.658
187.659
187.66
187.661
187.663
187.664
187.665
187.666
187.667
187.668
187.669
187.67
187.671
187.672
187.673
187.674
187.675
187.676
187.677
187.678
187.679
187.68
187.681
187.682
187.683
187.684
187.685
187.686
187.687
187.688
187.689
187.69
187.691
187.692
187.693
187.694
187.695
187.696
187.697
187.698
187.7
187.701
187.702
187.703
187.704
187.705
187.706
187.707
187.708
187.709
187.71
187.711
187.712
187.713
187.714
187.715
187.716
187.717
187.718
187.719
187.72
187.721
187.723
187.724
187.725
187.726
187.727
187.728
187.729
187.73
187.731
187.732
187.733
187.734
187.735
187.736
187.737
187.738
187.74
187.741
187.742
187.743
187.744
187.745
187.746
187.747
187.748
187.749
187.75
187.751
187.752
187.753
187.754
187.756
187.757
187.758
187.759
187.76
187.761
187.762
187.763
187.764
187.765
187.766
187.767
187.768
187.77
187.771
187.772
187.773
187.774
187.775
187.776
187.777
187.778
187.779
187.78
187.782
187.783
187.784
187.785
187.786
187.787
187.788
187.789
187.79
187.791
187.792
187.794
187.795
187.796
187.797
187.798
187.799
187.8
187.801
187.802
187.803
187.805
187.806
187.807
187.808
187.809
187.81
187.811
187.812
187.813
187.815
187.816
187.817
187.818
187.819
187.82
187.821
187.822
187.823
187.825
187.826
187.827
187.828
187.829
187.83
187.831
187.832
187.833
187.835
187.836
187.837
187.838
187.839
187.84
187.841
187.842
187.844
187.845
187.846
187.847
187.848
187.849
187.85
187.851
187.853
187.854
187.855
187.856
187.857
187.858
187.859
187.86
187.862
187.863
187.864
187.865
187.866
187.867
187.868
187.87
187.871
187.872
187.873
187.874
187.875
187.876
187.878
187.879
187.88
187.881
187.882
187.883
187.884
187.886
187.887
187.888
187.889
187.89
187.891
187.893
187.894
187.895
187.896
187.897
187.898
187.899
187.901
187.902
187.903
187.904
187.905
187.906
187.908
187.909
187.91
187.911
187.912
187.913
187.915
187.916
187.917
187.918
187.919
187.92
187.922
187.923
187.924
187.925
187.926
187.927
187.929
187.93
187.931
187.932
187.933
187.934
187.936
187.937
187.938
187.939
187.94
187.941
187.943
187.944
187.945
187.946
187.947
187.949
187.95
187.951
187.952
187.953
187.955
187.956
187.957
187.958
187.959
187.96
187.962
187.963
187.964
187.965
187.966
187.968
187.969
187.97
187.971
187.972
187.974
187.975
187.976
187.977
187.978
187.98
187.981
187.982
187.983
187.984
187.986
187.987
187.988
187.989
187.99
187.992
187.993
187.994
187.995
187.997
187.998
187.999
188
188.001
188.003
188.004
188.005
188.006
188.007
188.009
188.01
188.011
188.012
188.014
188.015
188.016
188.017
188.018
188.02
188.021
188.022
188.023
188.025
188.026
188.027
188.028
188.029
188.031
188.032
188.033
188.034
188.036
188.037
188.038
188.039
188.04
188.042
188.043
188.044
188.045
188.047
188.048
188.049
188.05
188.052
188.053
188.054
188.055
188.057
188.058
188.059
188.06
188.061
188.063
188.064
188.065
188.066
188.068
188.069
188.07
188.071
188.073
188.074
188.075
188.076
188.078
188.079
188.08
188.081
188.083
188.084
188.085
188.086
188.088
188.089
188.09
188.091
188.093
188.094
188.095
188.097
188.098
188.099
188.1
188.102
188.103
188.104
188.105
188.107
188.108
188.109
188.11
188.112
188.113
188.114
188.115
188.117
188.118
188.119
188.121
188.122
188.123
188.124
188.126
188.127
188.128
188.13
188.131
188.132
188.133
188.135
188.136
188.137
188.138
188.14
188.141
188.142
188.144
188.145
188.146
188.147
188.149
188.15
188.151
188.153
188.154
188.155
188.156
188.158
188.159
188.16
188.162
188.163
188.164
188.166
188.167
188.168
188.169
188.171
188.172
188.173
188.175
188.176
188.177
188.179
188.18
188.181
188.182
188.184
188.185
188.186
188.188
188.189
188.19
188.192
188.193
188.194
188.195
188.197
188.198
188.199
188.201
188.202
188.203
188.205
188.206
188.207
188.208
188.21
188.211
188.212
188.214
188.215
188.216
188.218
188.219
188.22
188.222
188.223
188.224
188.226
188.227
188.228
188.229
188.231
188.232
188.233
188.235
188.236
188.237
188.239
188.24
188.241
188.243
188.244
188.245
188.247
188.248
188.249
188.251
188.252
188.253
188.255
188.256
188.257
188.259
188.26
188.261
188.263
188.264
188.265
188.267
188.268
188.269
188.271
188.272
188.273
188.275
188.276
188.277
188.279
188.28
188.281
188.283
188.284
188.286
188.287
188.288
188.29
188.291
188.292
188.294
188.295
188.296
188.298
188.299
188.3
188.302
188.303
188.304
188.306
188.307
188.308
188.31
188.311
188.313
188.314
188.315
188.317
188.318
188.319
188.321
188.322
188.323
188.325
188.326
188.327
188.329
188.33
188.332
188.333
188.334
188.336
188.337
188.338
188.34
188.341
188.343
188.344
188.345
188.347
188.348
188.349
188.351
188.352
188.354
188.355
188.356
188.358
188.359
188.36
188.362
188.363
188.365
188.366
188.367
188.369
188.37
188.371
188.373
188.374
188.376
188.377
188.378
188.38
188.381
188.383
188.384
188.385
188.387
188.388
188.389
188.391
188.392
188.394
188.395
188.396
188.398
188.399
188.401
188.402
188.403
188.405
188.406
188.408
188.409
188.41
188.412
188.413
188.415
188.416
188.417
188.419
188.42
188.422
188.423
188.424
188.426
188.427
188.429
188.43
188.432
188.433
188.434
188.436
188.437
188.439
188.44
188.441
188.443
188.444
188.446
188.447
188.449
188.45
188.451
188.453
188.454
188.456
188.457
188.458
188.46
188.461
188.463
188.464
188.466
188.467
188.468
188.47
188.471
188.473
188.474
188.476
188.477
188.478
188.48
188.481
188.483
188.484
188.486
188.487
188.488
188.49
188.491
188.493
188.494
188.496
188.497
188.499
188.5
188.501
188.503
188.504
188.506
188.507
188.509
188.51
188.511
188.513
188.514
188.516
188.517
188.519
188.52
188.522
188.523
188.525
188.526
188.527
188.529
188.53
188.532
188.533
188.535
188.536
188.538
188.539
188.54
188.542
188.543
188.545
188.546
188.548
188.549
188.551
188.552
188.554
188.555
188.557
188.558
188.559
188.561
188.562
188.564
188.565
188.567
188.568
188.57
188.571
188.573
188.574
188.576
188.577
188.579
188.58
188.582
188.583
188.584
188.586
188.587
188.589
188.59
188.592
188.593
188.595
188.596
188.598
188.599
188.601
188.602
188.604
188.605
188.607
188.608
188.61
188.611
188.613
188.614
188.616
188.617
188.619
188.62
188.622
188.623
188.625
188.626
188.628
188.629
188.631
188.632
188.634
188.635
188.637
188.638
188.64
188.641
188.643
188.644
188.646
188.647
188.649
188.65
188.652
188.653
188.655
188.656
188.658
188.659
188.661
188.662
188.664
188.665
188.667
188.668
188.67
188.671
188.673
188.674
188.676
188.677
188.679
188.68
188.682
188.683
188.685
188.686
188.688
188.689
188.691
188.692
188.694
188.696
188.697
188.699
188.7
188.702
188.703
188.705
188.706
188.708
188.709
188.711
188.712
188.714
188.715
188.717
188.718
188.72
188.722
188.723
188.725
188.726
188.728
188.729
188.731
188.732
188.734
188.735
188.737
188.738
188.74
188.742
188.743
188.745
188.746
188.748
188.749
188.751
188.752
188.754
188.755
188.757
188.759
188.76
188.762
188.763
188.765
188.766
188.768
188.769
188.771
188.773
188.774
188.776
188.777
188.779
188.78
188.782
188.783
188.785
188.787
188.788
188.79
188.791
188.793
188.794
188.796
188.798
188.799
188.801
188.802
188.804
188.805
188.807
188.808
188.81
188.812
188.813
188.815
188.816
188.818
188.82
188.821
188.823
188.824
188.826
188.827
188.829
188.831
188.832
188.834
188.835
188.837
188.838
188.84
188.842
188.843
188.845
188.846
188.848
188.85
188.851
188.853
188.854
188.856
188.857
188.859
188.861
188.862
188.864
188.865
188.867
188.869
188.87
188.872
188.873
188.875
188.877
188.878
188.88
188.881
188.883
188.885
188.886
188.888
188.889
188.891
188.893
188.894
188.896
188.897
188.899
188.901
188.902
188.904
188.906
188.907
188.909
188.91
188.912
188.914
188.915
188.917
188.918
188.92
188.922
188.923
188.925
188.926
188.928
188.93
188.931
188.933
188.935
188.936
188.938
188.939
188.941
188.943
188.944
188.946
188.948
188.949
188.951
188.952
188.954
188.956
188.957
188.959
188.961
188.962
188.964
188.965
188.967
188.969
188.97
188.972
188.974
188.975
188.977
188.978
188.98
188.982
188.983
188.985
188.987
188.988
188.99
188.991
188.993
188.995
188.996
188.998
189
189.001
189.003
189.004
189.006
189.008
189.009
189.011
189.013
189.014
189.016
189.018
189.019
189.021
189.022
189.024
189.026
189.027
189.029
189.031
189.032
189.034
189.036
189.037
189.039
189.041
189.042
189.044
189.045
189.047
189.049
189.05
189.052
189.054
189.055
189.057
189.059
189.06
189.062
189.064
189.065
189.067
189.069
189.07
189.072
189.074
189.075
189.077
189.079
189.08
189.082
189.084
189.085
189.087
189.089
189.09
189.092
189.094
189.095
189.097
189.099
189.1
189.102
189.104
189.105
189.107
189.109
189.11
189.112
189.114
189.115
189.117
189.119
189.12
189.122
189.124
189.125
189.127
189.129
189.13
189.132
189.134
189.135
189.137
189.139
189.14
189.142
189.144
189.146
189.147
189.149
189.151
189.152
189.154
189.156
189.157
189.159
189.161
189.162
189.164
189.166
189.167
189.169
189.171
189.173
189.174
189.176
189.178
189.179
189.181
189.183
189.184
189.186
189.188
189.19
189.191
189.193
189.195
189.196
189.198
189.2
189.202
189.203
189.205
189.207
189.208
189.21
189.212
189.213
189.215
189.217
189.219
189.22
189.222
189.224
189.225
189.227
189.229
189.231
189.232
189.234
189.236
189.238
189.239
189.241
189.243
189.244
189.246
189.248
189.25
189.251
189.253
189.255
189.256
189.258
189.26
189.262
189.263
189.265
189.267
189.269
189.27
189.272
189.274
189.276
189.277
189.279
189.281
189.282
189.284
189.286
189.288
189.289
189.291
189.293
189.295
189.296
189.298
189.3
189.302
189.303
189.305
189.307
189.309
189.31
189.312
189.314
189.316
189.317
189.319
189.321
189.323
189.324
189.326
189.328
189.33
189.331
189.333
189.335
189.337
189.338
189.34
189.342
189.344
189.345
189.347
189.349
189.351
189.352
189.354
189.356
189.358
189.359
189.361
189.363
189.365
189.367
189.368
189.37
189.372
189.374
189.375
189.377
189.379
189.381
189.382
189.384
189.386
189.388
189.39
189.391
189.393
189.395
189.397
189.398
189.4
189.402
189.404
189.406
189.407
189.409
189.411
189.413
189.414
189.416
189.418
189.42
189.422
189.423
189.425
189.427
189.429
189.431
189.432
189.434
189.436
189.438
189.44
189.441
189.443
189.445
189.447
189.448
189.45
189.452
189.454
189.456
189.457
189.459
189.461
189.463
189.465
189.466
189.468
189.47
189.472
189.474
189.476
189.477
189.479
189.481
189.483
189.485
189.486
189.488
189.49
189.492
189.494
189.495
189.497
189.499
189.501
189.503
189.504
189.506
189.508
189.51
189.512
189.514
189.515
189.517
189.519
189.521
189.523
189.524
189.526
189.528
189.53
189.532
189.534
189.535
189.537
189.539
189.541
189.543
189.544
189.546
189.548
189.55
189.552
189.554
189.555
189.557
189.559
189.561
189.563
189.565
189.566
189.568
189.57
189.572
189.574
189.576
189.577
189.579
189.581
189.583
189.585
189.587
189.588
189.59
189.592
189.594
189.596
189.598
189.6
189.601
189.603
189.605
189.607
189.609
189.611
189.612
189.614
189.616
189.618
189.62
189.622
189.624
189.625
189.627
189.629
189.631
189.633
189.635
189.637
189.638
189.64
189.642
189.644
189.646
189.648
189.65
189.651
189.653
189.655
189.657
189.659
189.661
189.663
189.664
189.666
189.668
189.67
189.672
189.674
189.676
189.678
189.679
189.681
189.683
189.685
189.687
189.689
189.691
189.693
189.694
189.696
189.698
189.7
189.702
189.704
189.706
189.708
189.709
189.711
189.713
189.715
189.717
189.719
189.721
189.723
189.724
189.726
189.728
189.73
189.732
189.734
189.736
189.738
189.74
189.741
189.743
189.745
189.747
189.749
189.751
189.753
189.755
189.757
189.758
189.76
189.762
189.764
189.766
189.768
189.77
189.772
189.774
189.775
189.777
189.779
189.781
189.783
189.785
189.787
189.789
189.791
189.793
189.795
189.796
189.798
189.8
189.802
189.804
189.806
189.808
189.81
189.812
189.814
189.816
189.817
189.819
189.821
189.823
189.825
189.827
189.829
189.831
189.833
189.835
189.837
189.839
189.84
189.842
189.844
189.846
189.848
189.85
189.852
189.854
189.856
189.858
189.86
189.862
189.863
189.865
189.867
189.869
189.871
189.873
189.875
189.877
189.879
189.881
189.883
189.885
189.887
189.889
189.89
189.892
189.894
189.896
189.898
189.9
189.902
189.904
189.906
189.908
189.91
189.912
189.914
189.916
189.917
189.919
189.921
189.923
189.925
189.927
189.929
189.931
189.933
189.935
189.937
189.939
189.941
189.943
189.945
189.947
189.949
189.95
189.952
189.954
189.956
189.958
189.96
189.962
189.964
189.966
189.968
189.97
189.972
189.974
189.976
189.978
189.98
189.982
189.984
189.986
189.988
189.99
189.991
189.993
189.995
189.997
189.999
190.001
190.003
190.005
190.007
190.009
190.011
190.013
190.015
190.017
190.019
190.021
190.023
190.025
190.027
190.029
190.031
190.033
190.035
190.037
190.039
190.041
190.043
190.045
190.047
190.049
190.051
190.053
190.054
190.056
190.058
190.06
190.062
190.064
190.066
190.068
190.07
190.072
190.074
190.076
190.078
190.08
190.082
190.084
190.086
190.088
190.09
190.092
190.094
190.096
190.098
190.1
190.102
190.104
190.106
190.108
190.11
190.112
190.114
190.116
190.118
190.12
190.122
190.124
190.126
190.128
190.13
190.132
190.134
190.136
190.138
190.14
190.142
190.144
190.146
190.148
190.15
190.152
190.154
190.156
190.158
190.16
190.162
190.164
190.166
190.168
190.17
190.172
190.174
190.176
190.178
190.18
190.182
190.184
190.186
190.188
190.19
190.192
190.194
190.196
190.198
190.2
190.202
190.204
190.206
190.208
190.21
190.213
190.215
190.217
190.219
190.221
190.223
190.225
190.227
190.229
190.231
190.233
190.235
190.237
190.239
190.241
190.243
190.245
190.247
190.249
190.251
190.253
190.255
190.257
190.259
190.261
190.263
190.265
190.267
190.269
190.271
190.273
190.276
190.278
190.28
190.282
190.284
190.286
190.288
190.29
190.292
190.294
190.296
190.298
190.3
190.302
190.304
190.306
190.308
190.31
190.312
190.314
190.316
190.319
190.321
190.323
190.325
190.327
190.329
190.331
190.333
190.335
190.337
190.339
190.341
190.343
190.345
190.347
190.349
190.352
190.354
190.356
190.358
190.36
190.362
190.364
190.366
190.368
190.37
190.372
190.374
190.376
190.378
190.38
190.383
190.385
190.387
190.389
190.391
190.393
190.395
190.397
190.399
190.401
190.403
190.405
190.407
190.41
190.412
190.414
190.416
190.418
190.42
190.422
190.424
190.426
190.428
190.43
190.432
190.435
190.437
190.439
190.441
190.443
190.445
190.447
190.449
190.451
190.453
190.456
190.458
190.46
190.462
190.464
190.466
190.468
190.47
190.472
190.474
190.477
190.479
190.481
190.483
190.485
190.487
190.489
190.491
190.493
190.495
190.498
190.5
190.502
190.504
190.506
190.508
190.51
190.512
190.514
190.517
190.519
190.521
190.523
190.525
190.527
190.529
190.531
190.533
190.536
190.538
190.54
190.542
190.544
190.546
190.548
190.55
190.553
190.555
190.557
190.559
190.561
190.563
190.565
190.567
190.57
190.572
190.574
190.576
190.578
190.58
190.582
190.584
190.587
190.589
190.591
190.593
190.595
190.597
190.599
190.602
190.604
190.606
190.608
190.61
190.612
190.614
190.617
190.619
190.621
190.623
190.625
190.627
190.629
190.632
190.634
190.636
190.638
190.64
190.642
190.644
190.647
190.649
190.651
190.653
190.655
190.657
190.659
190.662
190.664
190.666
190.668
190.67
190.672
190.675
190.677
190.679
190.681
190.683
190.685
190.687
190.69
190.692
190.694
190.696
190.698
190.7
190.703
190.705
190.707
190.709
190.711
190.713
190.716
190.718
190.72
190.722
190.724
190.726
190.729
190.731
190.733
190.735
190.737
190.739
190.742
190.744
190.746
190.748
190.75
190.752
190.755
190.757
190.759
190.761
190.763
190.765
190.768
190.77
190.772
190.774
190.776
190.779
190.781
190.783
190.785
190.787
190.789
190.792
190.794
190.796
190.798
190.8
190.803
190.805
190.807
190.809
190.811
190.813
190.816
190.818
190.82
190.822
190.824
190.827
190.829
190.831
190.833
190.835
190.838
190.84
190.842
190.844
190.846
190.849
190.851
190.853
190.855
190.857
190.86
190.862
190.864
190.866
190.868
190.87
190.873
190.875
190.877
190.879
190.881
190.884
190.886
190.888
190.89
190.893
190.895
190.897
190.899
190.901
190.903
190.906
190.908
190.91
190.912
190.915
190.917
190.919
190.921
190.923
190.926
190.928
190.93
190.932
190.934
190.937
190.939
190.941
190.943
190.945
190.948
190.95
190.952
190.954
190.957
190.959
190.961
190.963
190.965
190.968
190.97
190.972
190.974
190.977
190.979
190.981
190.983
190.985
190.988
190.99
190.992
190.994
190.997
190.999
191.001
191.003
191.005
191.008
191.01
191.012
191.014
191.017
191.019
191.021
191.023
191.026
191.028
191.03
191.032
191.035
191.037
191.039
191.041
191.044
191.046
191.048
191.05
191.052
191.055
191.057
191.059
191.061
191.064
191.066
191.068
191.07
191.073
191.075
191.077
191.079
191.082
191.084
191.086
191.088
191.091
191.093
191.095
191.097
191.1
191.102
191.104
191.107
191.109
191.111
191.113
191.116
191.118
191.12
191.122
191.125
191.127
191.129
191.131
191.134
191.136
191.138
191.14
191.143
191.145
191.147
191.15
191.152
191.154
191.156
191.159
191.161
191.163
191.165
191.168
191.17
191.172
191.175
191.177
191.179
191.181
191.184
191.186
191.188
191.191
191.193
191.195
191.197
191.2
191.202
191.204
191.206
191.209
191.211
191.213
191.216
191.218
191.22
191.222
191.225
191.227
191.229
191.232
191.234
191.236
191.239
191.241
191.243
191.245
191.248
191.25
191.252
191.255
191.257
191.259
191.261
191.264
191.266
191.268
191.271
191.273
191.275
191.278
191.28
191.282
191.285
191.287
191.289
191.291
191.294
191.296
191.298
191.301
191.303
191.305
191.308
191.31
191.312
191.315
191.317
191.319
191.321
191.324
191.326
191.328
191.331
191.333
191.335
191.338
191.34
191.342
191.345
191.347
191.349
191.352
191.354
191.356
191.359
191.361
191.363
191.366
191.368
191.37
191.373
191.375
191.377
191.38
191.382
191.384
191.386
191.389
191.391
191.393
191.396
191.398
191.401
191.403
191.405
191.408
191.41
191.412
191.415
191.417
191.419
191.422
191.424
191.426
191.429
191.431
191.433
191.436
191.438
191.44
191.443
191.445
191.447
191.45
191.452
191.454
191.457
191.459
191.461
191.464
191.466
191.468
191.471
191.473
191.475
191.478
191.48
191.483
191.485
191.487
191.49
191.492
191.494
191.497
191.499
191.501
191.504
191.506
191.508
191.511
191.513
191.516
191.518
191.52
191.523
191.525
191.527
191.53
191.532
191.534
191.537
191.539
191.541
191.544
191.546
191.549
191.551
191.553
191.556
191.558
191.56
191.563
191.565
191.568
191.57
191.572
191.575
191.577
191.579
191.582
191.584
191.587
191.589
191.591
191.594
191.596
191.598
191.601
191.603
191.606
191.608
191.61
191.613
191.615
191.617
191.62
191.622
191.625
191.627
191.629
191.632
191.634
191.637
191.639
191.641
191.644
191.646
191.649
191.651
191.653
191.656
191.658
191.66
191.663
191.665
191.668
191.67
191.672
191.675
191.677
191.68
191.682
191.684
191.687
191.689
191.692
191.694
191.696
191.699
191.701
191.704
191.706
191.708
191.711
191.713
191.716
191.718
191.721
191.723
191.725
191.728
191.73
191.733
191.735
191.737
191.74
191.742
191.745
191.747
191.749
191.752
191.754
191.757
191.759
191.762
191.764
191.766
191.769
191.771
191.774
191.776
191.778
191.781
191.783
191.786
191.788
191.791
191.793
191.795
191.798
191.8
191.803
191.805
191.808
191.81
191.812
191.815
191.817
191.82
191.822
191.825
191.827
191.829
191.832
191.834
191.837
191.839
191.842
191.844
191.846
191.849
191.851
191.854
191.856
191.859
191.861
191.863
191.866
191.868
191.871
191.873
191.876
191.878
191.881
191.883
191.885
191.888
191.89
191.893
191.895
191.898
191.9
191.903
191.905
191.907
191.91
191.912
191.915
191.917
191.92
191.922
191.925
191.927
191.929
191.932
191.934
191.937
191.939
191.942
191.944
191.947
191.949
191.951
191.954
191.956
191.959
191.961
191.964
191.966
191.969
191.971
191.974
191.976
191.979
191.981
191.983
191.986
191.988
191.991
191.993
191.996
191.998
192.001
192.003
192.006
192.008
192.011
192.013
192.015
192.018
192.02
192.023
192.025
192.028
192.03
192.033
192.035
192.038
192.04
192.043
192.045
192.048
192.05
192.053
192.055
192.057
192.06
192.062
192.065
192.067
192.07
192.072
192.075
192.077
192.08
192.082
192.085
192.087
192.09
192.092
192.095
192.097
192.1
192.102
192.105
192.107
192.11
192.112
192.115
192.117
192.12
192.122
192.125
192.127
192.13
192.132
192.135
192.137
192.14
192.142
192.145
192.147
192.15
192.152
192.155
192.157
192.16
192.162
192.165
192.167
192.17
192.172
192.175
192.177
192.18
192.182
192.185
192.187
192.19
192.192
192.195
192.197
192.2
192.202
192.205
192.207
192.21
192.212
192.215
192.217
192.22
192.222
192.225
192.227
192.23
192.232
192.235
192.237
192.24
192.242
192.245
192.247
192.25
192.252
192.255
192.257
192.26
192.262
192.265
192.268
192.27
192.273
192.275
192.278
192.28
192.283
192.285
192.288
192.29
192.293
192.295
192.298
192.3
192.303
192.305
192.308
192.311
192.313
192.316
192.318
192.321
192.323
192.326
192.328
192.331
192.333
192.336
192.338
192.341
192.343
192.346
192.349
192.351
192.354
192.356
192.359
192.361
192.364
192.366
192.369
192.371
192.374
192.377
192.379
192.382
192.384
192.387
192.389
192.392
192.394
192.397
192.399
192.402
192.405
192.407
192.41
192.412
192.415
192.417
192.42
192.422
192.425
192.428
192.43
192.433
192.435
192.438
192.44
192.443
192.445
192.448
192.451
192.453
192.456
192.458
192.461
192.463
192.466
192.469
192.471
192.474
192.476
192.479
192.481
192.484
192.487
192.489
192.492
192.494
192.497
192.499
192.502
192.505
192.507
192.51
192.512
192.515
192.517
192.52
192.523
192.525
192.528
192.53
192.533
192.535
192.538
192.541
192.543
192.546
192.548
192.551
192.554
192.556
192.559
192.561
192.564
192.566
192.569
192.572
192.574
192.577
192.579
192.582
192.585
192.587
192.59
192.592
192.595
192.598
192.6
192.603
192.605
192.608
192.611
192.613
192.616
192.618
192.621
192.624
192.626
192.629
192.631
192.634
192.637
192.639
192.642
192.644
192.647
192.65
192.652
192.655
192.657
192.66
192.663
192.665
192.668
192.67
192.673
192.676
192.678
192.681
192.684
192.686
192.689
192.691
192.694
192.697
192.699
192.702
192.704
192.707
192.71
192.712
192.715
192.718
192.72
192.723
192.725
192.728
192.731
192.733
192.736
192.739
192.741
192.744
192.746
192.749
192.752
192.754
192.757
192.76
192.762
192.765
192.768
192.77
192.773
192.775
192.778
192.781
192.783
192.786
192.789
192.791
192.794
192.797
192.799
192.802
192.804
192.807
192.81
192.812
192.815
192.818
192.82
192.823
192.826
192.828
192.831
192.834
192.836
192.839
192.841
192.844
192.847
192.849
192.852
192.855
192.857
192.86
192.863
192.865
192.868
192.871
192.873
192.876
192.879
192.881
192.884
192.887
192.889
192.892
192.895
192.897
192.9
192.903
192.905
192.908
192.911
192.913
192.916
192.919
192.921
192.924
192.926
192.929
192.932
192.934
192.937
192.94
192.943
192.945
192.948
192.951
192.953
192.956
192.959
192.961
192.964
192.966
192.969
192.972
192.974
192.977
192.98
192.982
192.985
192.988
192.99
192.993
192.996
192.998
193.001
193.004
193.007
193.009
193.012
193.015
193.017
193.02
193.023
193.025
193.028
193.031
193.033
193.036
193.039
193.041
193.044
193.047
193.049
193.052
193.055
193.057
193.06
193.063
193.065
193.068
193.071
193.073
193.076
193.079
193.081
193.084
193.087
193.09
193.092
193.095
193.098
193.1
193.103
193.106
193.108
193.111
193.114
193.116
193.119
193.122
193.124
193.127
193.13
193.133
193.135
193.138
193.141
193.143
193.146
193.149
193.151
193.154
193.157
193.16
193.162
193.165
193.168
193.17
193.173
193.176
193.178
193.181
193.184
193.187
193.189
193.192
193.195
193.197
193.2
193.203
193.206
193.208
193.211
193.214
193.216
193.219
193.222
193.224
193.227
193.23
193.233
193.235
193.238
193.241
193.243
193.246
193.249
193.252
193.254
193.257
193.26
193.263
193.265
193.268
193.271
193.273
193.276
193.279
193.282
193.284
193.287
193.29
193.292
193.295
193.298
193.301
193.303
193.306
193.309
193.312
193.314
193.317
193.32
193.322
193.325
193.328
193.331
193.333
193.336
193.339
193.342
193.344
193.347
193.35
193.353
193.355
193.358
193.361
193.364
193.366
193.369
193.372
193.375
193.377
193.38
193.383
193.385
193.388
193.391
193.394
193.396
193.399
193.402
193.405
193.407
193.41
193.413
193.416
193.418
193.421
193.424
193.427
193.429
193.432
193.435
193.438
193.441
193.443
193.446
193.449
193.452
193.454
193.457
193.46
193.463
193.465
193.468
193.471
193.474
193.476
193.479
193.482
193.485
193.487
193.49
193.493
193.496
193.499
193.501
193.504
193.507
193.51
193.512
193.515
193.518
193.521
193.523
193.526
193.529
193.532
193.535
193.537
193.54
193.543
193.546
193.548
193.551
193.554
193.557
193.56
193.562
193.565
193.568
193.571
193.573
193.576
193.579
193.582
193.585
193.587
193.59
193.593
193.596
193.599
193.601
193.604
193.607
193.61
193.612
193.615
193.618
193.621
193.624
193.626
193.629
193.632
193.635
193.638
193.64
193.643
193.646
193.649
193.652
193.654
193.657
193.66
193.663
193.666
193.668
193.671
193.674
193.677
193.68
193.682
193.685
193.688
193.691
193.694
193.696
193.699
193.702
193.705
193.708
193.711
193.713
193.716
193.719
193.722
193.725
193.727
193.73
193.733
193.736
193.739
193.741
193.744
193.747
193.75
193.753
193.756
193.758
193.761
193.764
193.767
193.77
193.772
193.775
193.778
193.781
193.784
193.787
193.789
193.792
193.795
193.798
193.801
193.804
193.806
193.809
193.812
193.815
193.818
193.82
193.823
193.826
193.829
193.832
193.835
193.837
193.84
193.843
193.846
193.849
193.852
193.854
193.857
193.86
193.863
193.866
193.869
193.872
193.874
193.877
193.88
193.883
193.886
193.889
193.891
193.894
193.897
193.9
193.903
193.906
193.908
193.911
193.914
193.917
193.92
193.923
193.926
193.928
193.931
193.934
193.937
193.94
193.943
193.946
193.948
193.951
193.954
193.957
193.96
193.963
193.965
193.968
193.971
193.974
193.977
193.98
193.983
193.986
193.988
193.991
193.994
193.997
194
194.003
194.006
194.008
194.011
194.014
194.017
194.02
194.023
194.026
194.028
194.031
194.034
194.037
194.04
194.043
194.046
194.049
194.051
194.054
194.057
194.06
194.063
194.066
194.069
194.071
194.074
194.077
194.08
194.083
194.086
194.089
194.092
194.094
194.097
194.1
194.103
194.106
194.109
194.112
194.115
194.117
194.12
194.123
194.126
194.129
194.132
194.135
194.138
194.14
194.143
194.146
194.149
194.152
194.155
194.158
194.161
194.164
194.166
194.169
194.172
194.175
194.178
194.181
194.184
194.187
194.19
194.192
194.195
194.198
194.201
194.204
194.207
194.21
194.213
194.216
194.218
194.221
194.224
194.227
194.23
194.233
194.236
194.239
194.242
194.245
194.247
194.25
194.253
194.256
194.259
194.262
194.265
194.268
194.271
194.274
194.277
194.279
194.282
194.285
194.288
194.291
194.294
194.297
194.3
194.303
194.306
194.309
194.311
194.314
194.317
194.32
194.323
194.326
194.329
194.332
194.335
194.338
194.341
194.344
194.346
194.349
194.352
194.355
194.358
194.361
194.364
194.367
194.37
194.373
194.376
194.379
194.382
194.384
194.387
194.39
194.393
194.396
194.399
194.402
194.405
194.408
194.411
194.414
194.417
194.42
194.423
194.425
194.428
194.431
194.434
194.437
194.44
194.443
194.446
194.449
194.452
194.455
194.458
194.461
194.464
194.467
194.47
194.472
194.475
194.478
194.481
194.484
194.487
194.49
194.493
194.496
194.499
194.502
194.505
194.508
194.511
194.514
194.517
194.52
194.523
194.526
194.529
194.531
194.534
194.537
194.54
194.543
194.546
194.549
194.552
194.555
194.558
194.561
194.564
194.567
194.57
194.573
194.576
194.579
194.582
194.585
194.588
194.591
194.594
194.597
194.599
194.602
194.605
194.608
194.611
194.614
194.617
194.62
194.623
194.626
194.629
194.632
194.635
194.638
194.641
194.644
194.647
194.65
194.653
194.656
194.659
194.662
194.665
194.668
194.671
194.674
194.677
194.68
194.683
194.686
194.689
194.691
194.694
194.697
194.7
194.703
194.706
194.709
194.712
194.715
194.718
194.721
194.724
194.727
194.73
194.733
194.736
194.739
194.742
194.745
194.748
194.751
194.754
194.757
194.76
194.763
194.766
194.769
194.772
194.775
194.778
194.781
194.784
194.787
194.79
194.793
194.796
194.799
194.802
194.805
194.808
194.811
194.814
194.817
194.82
194.823
194.826
194.829
194.832
194.835
194.838
194.841
194.844
194.847
194.85
194.853
194.856
194.859
194.862
194.865
194.868
194.871
194.874
194.877
194.88
194.883
194.886
194.889
194.892
194.895
194.898
194.901
194.904
194.907
194.91
194.913
194.916
194.919
194.922
194.925
194.928
194.931
194.934
194.937
194.94
194.943
194.946
194.95
194.953
194.956
194.959
194.962
194.965
194.968
194.971
194.974
194.977
194.98
194.983
194.986
194.989
194.992
194.995
194.998
195.001
195.004
195.007
195.01
195.013
195.016
195.019
195.022
195.025
195.028
195.031
195.034
195.037
195.04
195.044
195.047
195.05
195.053
195.056
195.059
195.062
195.065
195.068
195.071
195.074
195.077
195.08
195.083
195.086
195.089
195.092
195.095
195.098
195.101
195.104
195.107
195.11
195.114
195.117
195.12
195.123
195.126
195.129
195.132
195.135
195.138
195.141
195.144
195.147
195.15
195.153
195.156
195.159
195.162
195.165
195.168
195.171
195.175
195.178
195.181
195.184
195.187
195.19
195.193
195.196
195.199
195.202
195.205
195.208
195.211
195.214
195.217
195.22
195.223
195.227
195.23
195.233
195.236
195.239
195.242
195.245
195.248
195.251
195.254
195.257
195.26
195.263
195.266
195.269
195.273
195.276
195.279
195.282
195.285
195.288
195.291
195.294
195.297
195.3
195.303
195.306
195.309
195.313
195.316
195.319
195.322
195.325
195.328
195.331
195.334
195.337
195.34
195.343
195.346
195.349
195.353
195.356
195.359
195.362
195.365
195.368
195.371
195.374
195.377
195.38
195.383
195.387
195.39
195.393
195.396
195.399
195.402
195.405
195.408
195.411
195.414
195.417
195.421
195.424
195.427
195.43
195.433
195.436
195.439
195.442
195.445
195.448
195.452
195.455
195.458
195.461
195.464
195.467
195.47
195.473
195.476
195.479
195.483
195.486
195.489
195.492
195.495
195.498
195.501
195.504
195.507
195.51
195.514
195.517
195.52
195.523
195.526
195.529
195.532
195.535
195.538
195.542
195.545
195.548
195.551
195.554
195.557
195.56
195.563
195.567
195.57
195.573
195.576
195.579
195.582
195.585
195.588
195.591
195.595
195.598
195.601
195.604
195.607
195.61
195.613
195.617
195.62
195.623
195.626
195.629
195.632
195.635
195.638
195.642
195.645
195.648
195.651
195.654
195.657
195.66
195.663
195.667
195.67
195.673
195.676
195.679
195.682
195.685
195.689
195.692
195.695
195.698
195.701
195.704
195.707
195.711
195.714
195.717
195.72
195.723
195.726
195.729
195.733
195.736
195.739
195.742
195.745
195.748
195.751
195.755
195.758
195.761
195.764
195.767
195.77
195.774
195.777
195.78
195.783
195.786
195.789
195.792
195.796
195.799
195.802
195.805
195.808
195.811
195.815
195.818
195.821
195.824
195.827
195.83
195.834
195.837
195.84
195.843
195.846
195.849
195.853
195.856
195.859
195.862
195.865
195.868
195.872
195.875
195.878
195.881
195.884
195.887
195.891
195.894
195.897
195.9
195.903
195.906
195.91
195.913
195.916
195.919
195.922
195.926
195.929
195.932
195.935
195.938
195.941
195.945
195.948
195.951
195.954
195.957
195.961
195.964
195.967
195.97
195.973
195.976
195.98
195.983
195.986
195.989
195.992
195.996
195.999
196.002
196.005
196.008
196.012
196.015
196.018
196.021
196.024
196.028
196.031
196.034
196.037
196.04
196.044
196.047
196.05
196.053
196.056
196.06
196.063
196.066
196.069
196.072
196.076
196.079
196.082
196.085
196.088
196.092
196.095
196.098
196.101
196.104
196.108
196.111
196.114
196.117
196.12
196.124
196.127
196.13
196.133
196.137
196.14
196.143
196.146
196.149
196.153
196.156
196.159
196.162
196.165
196.169
196.172
196.175
196.178
196.181
196.185
196.188
196.191
196.194
196.198
196.201
196.204
196.207
196.21
196.214
196.217
196.22
196.223
196.226
196.23
196.233
196.236
196.239
196.243
196.246
196.249
196.252
196.255
196.259
196.262
196.265
196.268
196.272
196.275
196.278
196.281
196.285
196.288
196.291
196.294
196.297
196.301
196.304
196.307
196.31
196.314
196.317
196.32
196.323
196.327
196.33
196.333
196.336
196.339
196.343
196.346
196.349
196.352
196.356
196.359
196.362
196.365
196.369
196.372
196.375
196.378
196.381
196.385
196.388
196.391
196.394
196.398
196.401
196.404
196.407
196.411
196.414
196.417
196.42
196.424
196.427
196.43
196.433
196.437
196.44
196.443
196.446
196.45
196.453
196.456
196.459
196.463
196.466
196.469
196.472
196.476
196.479
196.482
196.485
196.489
196.492
196.495
196.498
196.502
196.505
196.508
196.511
196.515
196.518
196.521
196.524
196.528
196.531
196.534
196.538
196.541
196.544
196.547
196.551
196.554
196.557
196.56
196.564
196.567
196.57
196.573
196.577
196.58
196.583
196.587
196.59
196.593
196.596
196.6
196.603
196.606
196.609
196.613
196.616
196.619
196.623
196.626
196.629
196.632
196.636
196.639
196.642
196.645
196.649
196.652
196.655
196.659
196.662
196.665
196.668
196.672
196.675
196.678
196.682
196.685
196.688
196.691
196.695
196.698
196.701
196.705
196.708
196.711
196.714
196.718
196.721
196.724
196.728
196.731
196.734
196.738
196.741
196.744
196.747
196.751
196.754
196.757
196.761
196.764
196.767
196.771
196.774
196.777
196.78
196.784
196.787
196.79
196.794
196.797
196.8
196.804
196.807
196.81
196.813
196.817
196.82
196.823
196.827
196.83
196.833
196.837
196.84
196.843
196.847
196.85
196.853
196.857
196.86
196.863
196.866
196.87
196.873
196.876
196.88
196.883
196.886
196.89
196.893
196.896
196.9
196.903
196.906
196.91
196.913
196.916
196.92
196.923
196.926
196.93
196.933
196.936
196.94
196.943
196.946
196.95
196.953
196.956
196.959
196.963
196.966
196.969
196.973
196.976
196.979
196.983
196.986
196.989
196.993
196.996
196.999
197.003
197.006
197.01
197.013
197.016
197.02
197.023
197.026
197.03
197.033
197.036
197.04
197.043
197.046
197.05
197.053
197.056
197.06
197.063
197.066
197.07
197.073
197.076
197.08
197.083
197.086
197.09
197.093
197.096
197.1
197.103
197.107
197.11
197.113
197.117
197.12
197.123
197.127
197.13
197.133
197.137
197.14
197.143
197.147
197.15
197.154
197.157
197.16
197.164
197.167
197.17
197.174
197.177
197.18
197.184
197.187
197.19
197.194
197.197
197.2
197.204
197.207
197.211
197.214
197.217
197.221
197.224
197.227
197.231
197.234
197.237
197.241
197.244
197.247
197.251
197.254
197.258
197.261
197.264
197.268
197.271
197.274
197.278
197.281
197.285
197.288
197.291
197.295
197.298
197.301
197.305
197.308
197.311
197.315
197.318
197.322
197.325
197.328
197.332
197.335
197.339
197.342
197.345
197.349
197.352
197.355
197.359
197.362
197.366
197.369
197.372
197.376
197.379
197.382
197.386
197.389
197.393
197.396
197.399
197.403
197.406
197.41
197.413
197.416
197.42
197.423
197.426
197.43
197.433
197.437
197.44
197.443
197.447
197.45
197.454
197.457
197.46
197.464
197.467
197.471
197.474
197.477
197.481
197.484
197.488
197.491
197.494
197.498
197.501
197.505
197.508
197.511
197.515
197.518
197.522
197.525
197.528
197.532
197.535
197.539
197.542
197.546
197.549
197.552
197.556
197.559
197.563
197.566
197.569
197.573
197.576
197.58
197.583
197.586
197.59
197.593
197.597
197.6
197.604
197.607
197.61
197.614
197.617
197.621
197.624
197.627
197.631
197.634
197.638
197.641
197.645
197.648
197.651
197.655
197.658
197.662
197.665
197.669
197.672
197.675
197.679
197.682
197.686
197.689
197.693
197.696
197.699
197.703
197.706
197.71
197.713
197.717
197.72
197.723
197.727
197.73
197.734
197.737
197.741
197.744
197.747
197.751
197.754
197.758
197.761
197.765
197.768
197.772
197.775
197.778
197.782
197.785
197.789
197.792
197.796
197.799
197.803
197.806
197.809
197.813
197.816
197.82
197.823
197.827
197.83
197.834
197.837
197.84
197.844
197.847
197.851
197.854
197.858
197.861
197.865
197.868
197.872
197.875
197.878
197.882
197.885
197.889
197.892
197.896
197.899
197.903
197.906
197.91
197.913
197.917
197.92
197.924
197.927
197.93
197.934
197.937
197.941
197.944
197.948
197.951
197.955
197.958
197.962
197.965
197.969
197.972
197.976
197.979
197.982
197.986
197.989
197.993
197.996
198
198.003
198.007
198.01
198.014
198.017
198.021
198.024
198.028
198.031
198.035
198.038
198.042
198.045
198.049
198.052
198.056
198.059
198.063
198.066
198.07
198.073
198.076
198.08
198.083
198.087
198.09
198.094
198.097
198.101
198.104
198.108
198.111
198.115
198.118
198.122
198.125
198.129
198.132
198.136
198.139
198.143
198.146
198.15
198.153
198.157
198.16
198.164
198.167
198.171
198.174
198.178
198.181
198.185
198.188
198.192
198.195
198.199
198.202
198.206
198.209
198.213
198.216
198.22
198.223
198.227
198.23
198.234
198.237
198.241
198.244
198.248
198.251
198.255
198.258
198.262
198.265
198.269
198.272
198.276
198.279
198.283
198.286
198.29
198.293
198.297
198.3
198.304
198.307
198.311
198.314
198.318
198.321
198.325
198.328
198.332
198.335
198.339
198.342
198.346
198.349
198.353
198.356
198.36
198.363
198.367
198.37
198.374
198.377
198.381
198.384
198.388
198.391
198.395
198.399
198.402
198.406
198.409
198.413
198.416
198.42
198.423
198.427
198.43
198.434
198.437
198.441
198.444
198.448
198.451
198.455
198.458
198.462
198.465
198.469
198.473
198.476
198.48
198.483
198.487
198.49
198.494
198.497
198.501
198.504
198.508
198.511
198.515
198.518
198.522
198.526
198.529
198.533
198.536
198.54
198.543
198.547
198.55
198.554
198.557
198.561
198.565
198.568
198.572
198.575
198.579
198.582
198.586
198.589
198.593
198.596
198.6
198.604
198.607
198.611
198.614
198.618
198.621
198.625
198.628
198.632
198.636
198.639
198.643
198.646
198.65
198.653
198.657
198.66
198.664
198.668
198.671
198.675
198.678
198.682
198.685
198.689
198.692
198.696
198.7
198.703
198.707
198.71
198.714
198.717
198.721
198.725
198.728
198.732
198.735
198.739
198.742
198.746
198.75
198.753
198.757
198.76
198.764
198.767
198.771
198.775
198.778
198.782
198.785
198.789
198.792
198.796
198.8
198.803
198.807
198.81
198.814
198.817
198.821
198.825
198.828
198.832
198.835
198.839
198.843
198.846
198.85
198.853
198.857
198.86
198.864
198.868
198.871
198.875
198.878
198.882
198.886
198.889
198.893
198.896
198.9
198.904
198.907
198.911
198.914
198.918
198.921
198.925
198.929
198.932
198.936
198.939
198.943
198.947
198.95
198.954
198.957
198.961
198.965
198.968
198.972
198.975
198.979
198.983
198.986
198.99
198.993
198.997
199.001
199.004
199.008
199.011
199.015
199.019
199.022
199.026
199.029
199.033
199.037
199.04
199.044
199.048
199.051
199.055
199.058
199.062
199.066
199.069
199.073
199.076
199.08
199.084
199.087
199.091
199.094
199.098
199.102
199.105
199.109
199.112
199.116
199.12
199.123
199.127
199.131
199.134
199.138
199.141
199.145
199.149
199.152
199.156
199.159
199.163
199.167
199.17
199.174
199.178
199.181
199.185
199.188
199.192
199.196
199.199
199.203
199.207
199.21
199.214
199.217
199.221
199.225
199.228
199.232
199.236
199.239
199.243
199.246
199.25
199.254
199.257
199.261
199.265
199.268
199.272
199.275
199.279
199.283
199.286
199.29
199.294
199.297
199.301
199.305
199.308
199.312
199.315
199.319
199.323
199.326
199.33
199.334
199.337
199.341
199.345
199.348
199.352
199.356
199.359
199.363
199.366
199.37
199.374
199.377
199.381
199.385
199.388
199.392
199.396
199.399
199.403
199.407
199.41
199.414
199.418
199.421
199.425
199.428
199.432
199.436
199.439
199.443
199.447
199.45
199.454
199.458
199.461
199.465
199.469
199.472
199.476
199.48
199.483
199.487
199.491
199.494
199.498
199.502
199.505
199.509
199.513
199.516
199.52
199.524
199.527
199.531
199.535
199.538
199.542
199.546
199.549
199.553
199.557
199.56
199.564
199.568
199.571
199.575
199.579
199.582
199.586
199.59
199.593
199.597
199.601
199.604
199.608
199.612
199.616
199.619
199.623
199.627
199.63
199.634
199.638
199.641
199.645
199.649
199.652
199.656
199.66
199.663
199.667
199.671
199.674
199.678
199.682
199.686
199.689
199.693
199.697
199.7
199.704
199.708
199.711
199.715
199.719
199.722
199.726
199.73
199.734
199.737
199.741
199.745
199.748
199.752
199.756
199.759
199.763
199.767
199.771
199.774
199.778
199.782
199.785
199.789
199.793
199.797
199.8
199.804
199.808
199.811
199.815
199.819
199.822
199.826
199.83
199.834
199.837
199.841
199.845
199.848
199.852
199.856
199.86
199.863
199.867
199.871
199.874
199.878
199.882
199.886
199.889
199.893
199.897
199.9
199.904
199.908
199.912
199.915
199.919
199.923
199.926
199.93
199.934
199.938
199.941
199.945
199.949
199.953
199.956
199.96
199.964
199.967
199.971
199.975
199.979
199.982
199.986
199.99
199.994
199.997
200.001
200.005
200.008
200.012
200.016
200.02
200.023
200.027
200.031
200.035
200.038
200.042
200.046
200.049
200.053
200.057
200.061
200.064
200.068
200.072
200.076
200.079
200.083
200.087
200.09
200.094
200.098
200.102
200.105
200.109
200.113
200.117
200.12
200.124
200.128
200.132
200.135
200.139
200.143
200.147
200.15
200.154
200.158
200.162
200.165
200.169
200.173
200.176
200.18
200.184
200.188
200.191
200.195
200.199
200.203
200.206
200.21
200.214
200.218
200.221
200.225
200.229
200.233
200.237
200.24
200.244
200.248
200.252
200.255
200.259
200.263
200.267
200.27
200.274
200.278
200.282
200.285
200.289
200.293
200.297
200.3
200.304
200.308
200.312
200.315
200.319
200.323
200.327
200.331
200.334
200.338
200.342
200.346
200.349
200.353
200.357
200.361
200.364
200.368
200.372
200.376
200.38
200.383
200.387
200.391
200.395
200.398
200.402
200.406
200.41
200.414
200.417
200.421
200.425
200.429
200.432
200.436
200.44
200.444
200.448
200.451
200.455
200.459
200.463
200.466
200.47
200.474
200.478
200.482
200.485
200.489
200.493
200.497
200.501
200.504
200.508
200.512
200.516
200.52
200.523
200.527
200.531
200.535
200.539
200.542
200.546
200.55
200.554
200.557
200.561
200.565
200.569
200.573
200.576
200.58
200.584
200.588
200.592
200.596
200.599
200.603
200.607
200.611
200.615
200.618
200.622
200.626
200.63
200.634
200.637
200.641
200.645
200.649
200.653
200.656
200.66
200.664
200.668
200.672
200.676
200.679
200.683
200.687
200.691
200.695
200.698
200.702
200.706
200.71
200.714
200.717
200.721
200.725
200.729
200.733
200.737
200.74
200.744
200.748
200.752
200.756
200.76
200.763
200.767
200.771
200.775
200.779
200.783
200.786
200.79
200.794
200.798
200.802
200.805
200.809
200.813
200.817
200.821
200.825
200.828
200.832
200.836
200.84
200.844
200.848
200.851
200.855
200.859
200.863
200.867
200.871
200.874
200.878
200.882
200.886
200.89
200.894
200.897
200.901
200.905
200.909
200.913
200.917
200.92
200.924
200.928
200.932
200.936
200.939
200.943
200.947
200.951
200.955
200.959
200.962
200.966
200.97
200.974
200.978
200.982
200.985
200.989
200.993
200.997
201.001
201.005
201.008
201.012
201.016
201.02
201.024
201.028
201.032
201.035
201.039
201.043
201.047
201.051
201.055
201.058
201.062
201.066
201.07
201.074
201.078
201.082
201.085
201.089
201.093
201.097
201.101
201.105
201.109
201.112
201.116
201.12
201.124
201.128
201.132
201.136
201.139
201.143
201.147
201.151
201.155
201.159
201.163
201.166
201.17
201.174
201.178
201.182
201.186
201.19
201.193
201.197
201.201
201.205
201.209
201.213
201.217
201.221
201.224
201.228
201.232
201.236
201.24
201.244
201.248
201.252
201.255
201.259
201.263
201.267
201.271
201.275
201.279
201.282
201.286
201.29
201.294
201.298
201.302
201.306
201.31
201.314
201.317
201.321
201.325
201.329
201.333
201.337
201.341
201.345
201.348
201.352
201.356
201.36
201.364
201.368
201.372
201.376
201.38
201.383
201.387
201.391
201.395
201.399
201.403
201.407
201.411
201.415
201.419
201.422
201.426
201.43
201.434
201.438
201.442
201.446
201.45
201.454
201.457
201.461
201.465
201.469
201.473
201.477
201.481
201.485
201.489
201.493
201.497
201.5
201.504
201.508
201.512
201.516
201.52
201.524
201.528
201.532
201.536
201.54
201.543
201.547
201.551
201.555
201.559
201.563
201.567
201.571
201.575
201.579
201.583
201.586
201.59
201.594
201.598
201.602
201.606
201.61
201.614
201.618
201.622
201.626
201.63
201.633
201.637
201.641
201.645
201.649
201.653
201.657
201.661
201.665
201.669
201.673
201.677
201.681
201.685
201.688
201.692
201.696
201.7
201.704
201.708
201.712
201.716
201.72
201.724
201.728
201.732
201.736
201.74
201.743
201.747
201.751
201.755
201.759
201.763
201.767
201.771
201.775
201.779
201.783
201.787
201.791
201.795
201.799
201.802
201.806
201.81
201.814
201.818
201.822
201.826
201.83
201.834
201.838
201.842
201.846
201.85
201.854
201.858
201.862
201.865
201.869
201.873
201.877
201.881
201.885
201.889
201.893
201.897
201.901
201.905
201.909
201.913
201.917
201.921
201.925
201.929
201.933
201.937
201.94
201.944
201.948
201.952
201.956
201.96
201.964
201.968
201.972
201.976
201.98
201.984
201.988
201.992
201.996
202
202.004
202.008
202.012
202.016
202.02
202.024
202.028
202.031
202.035
202.039
202.043
202.047
202.051
202.055
202.059
202.063
202.067
202.071
202.075
202.079
202.083
202.087
202.091
202.095
202.099
202.103
202.107
202.111
202.115
202.119
202.123
202.127
202.131
202.135
202.139
202.143
202.147
202.151
202.155
202.159
202.163
202.167
202.171
202.175
202.179
202.183
202.187
202.19
202.194
202.198
202.202
202.206
202.21
202.214
202.218
202.222
202.226
202.23
202.234
202.238
202.242
202.246
202.25
202.254
202.258
202.262
202.266
202.27
202.274
202.278
202.282
202.286
202.29
202.294
202.298
202.302
202.306
202.31
202.314
202.318
202.322
202.326
202.33
202.334
202.338
202.342
202.346
202.35
202.354
202.358
202.362
202.366
202.37
202.374
202.378
202.382
202.386
202.39
202.394
202.398
202.402
202.406
202.41
202.414
202.419
202.423
202.427
202.431
202.435
202.439
202.443
202.447
202.451
202.455
202.459
202.463
202.467
202.471
202.475
202.479
202.483
202.487
202.491
202.495
202.499
202.503
202.507
202.511
202.515
202.519
202.523
202.527
202.531
202.535
202.539
202.543
202.547
202.551
202.555
202.559
202.563
202.567
202.571
202.575
202.579
202.583
202.587
202.591
202.595
202.6
202.604
202.608
202.612
202.616
202.62
202.624
202.628
202.632
202.636
202.64
202.644
202.648
202.652
202.656
202.66
202.664
202.668
202.672
202.676
202.68
202.684
202.688
202.692
202.696
202.7
202.704
202.708
202.713
202.717
202.721
202.725
202.729
202.733
202.737
202.741
202.745
202.749
202.753
202.757
202.761
202.765
202.769
202.773
202.777
202.781
202.785
202.789
202.793
202.798
202.802
202.806
202.81
202.814
202.818
202.822
202.826
202.83
202.834
202.838
202.842
202.846
202.85
202.854
202.858
202.862
202.866
202.871
202.875
202.879
202.883
202.887
202.891
202.895
202.899
202.903
202.907
202.911
202.915
202.919
202.923
202.927
202.932
202.936
202.94
202.944
202.948
202.952
202.956
202.96
202.964
202.968
202.972
202.976
202.98
202.984
202.989
202.993
202.997
203.001
203.005
203.009
203.013
203.017
203.021
203.025
203.029
203.033
203.038
203.042
203.046
203.05
203.054
203.058
203.062
203.066
203.07
203.074
203.078
203.082
203.087
203.091
203.095
203.099
203.103
203.107
203.111
203.115
203.119
203.123
203.127
203.132
203.136
203.14
203.144
203.148
203.152
203.156
203.16
203.164
203.168
203.173
203.177
203.181
203.185
203.189
203.193
203.197
203.201
203.205
203.209
203.214
203.218
203.222
203.226
203.23
203.234
203.238
203.242
203.246
203.251
203.255
203.259
203.263
203.267
203.271
203.275
203.279
203.283
203.288
203.292
203.296
203.3
203.304
203.308
203.312
203.316
203.32
203.325
203.329
203.333
203.337
203.341
203.345
203.349
203.353
203.357
203.362
203.366
203.37
203.374
203.378
203.382
203.386
203.39
203.395
203.399
203.403
203.407
203.411
203.415
203.419
203.423
203.427
203.432
203.436
203.44
203.444
203.448
203.452
203.456
203.461
203.465
203.469
203.473
203.477
203.481
203.485
203.489
203.494
203.498
203.502
203.506
203.51
203.514
203.518
203.523
203.527
203.531
203.535
203.539
203.543
203.547
203.551
203.556
203.56
203.564
203.568
203.572
203.576
203.581
203.585
203.589
203.593
203.597
203.601
203.605
203.61
203.614
203.618
203.622
203.626
203.63
203.634
203.639
203.643
203.647
203.651
203.655
203.659
203.663
203.668
203.672
203.676
203.68
203.684
203.688
203.693
203.697
203.701
203.705
203.709
203.713
203.717
203.722
203.726
203.73
203.734
203.738
203.742
203.747
203.751
203.755
203.759
203.763
203.767
203.772
203.776
203.78
203.784
203.788
203.792
203.797
203.801
203.805
203.809
203.813
203.817
203.822
203.826
203.83
203.834
203.838
203.842
203.847
203.851
203.855
203.859
203.863
203.867
203.872
203.876
203.88
203.884
203.888
203.892
203.897
203.901
203.905
203.909
203.913
203.918
203.922
203.926
203.93
203.934
203.938
203.943
203.947
203.951
203.955
203.959
203.964
203.968
203.972
203.976
203.98
203.985
203.989
203.993
203.997
204.001
204.005
204.01
204.014
204.018
204.022
204.026
204.031
204.035
204.039
204.043
204.047
204.052
204.056
204.06
204.064
204.068
204.072
204.077
204.081
204.085
204.089
204.093
204.098
204.102
204.106
204.11
204.114
204.119
204.123
204.127
204.131
204.135
204.14
204.144
204.148
204.152
204.156
204.161
204.165
204.169
204.173
204.177
204.182
204.186
204.19
204.194
204.198
204.203
204.207
204.211
204.215
204.219
204.224
204.228
204.232
204.236
204.24
204.245
204.249
204.253
204.257
204.261
204.266
204.27
204.274
204.278
204.283
204.287
204.291
204.295
204.299
204.304
204.308
204.312
204.316
204.321
204.325
204.329
204.333
204.337
204.342
204.346
204.35
204.354
204.359
204.363
204.367
204.371
204.375
204.38
204.384
204.388
204.392
204.397
204.401
204.405
204.409
204.414
204.418
204.422
204.426
204.43
204.435
204.439
204.443
204.447
204.452
204.456
204.46
204.464
204.469
204.473
204.477
204.481
204.486
204.49
204.494
204.498
204.503
204.507
204.511
204.515
204.519
204.524
204.528
204.532
204.536
204.541
204.545
204.549
204.554
204.558
204.562
204.566
204.57
204.575
204.579
204.583
204.588
204.592
204.596
204.6
204.605
204.609
204.613
204.617
204.622
204.626
204.63
204.634
204.639
204.643
204.647
204.651
204.656
204.66
204.664
204.668
204.673
204.677
204.681
204.686
204.69
204.694
204.698
204.703
204.707
204.711
204.715
204.72
204.724
204.728
204.732
204.737
204.741
204.745
204.75
204.754
204.758
204.762
204.767
204.771
204.775
204.779
204.784
204.788
204.792
204.796
204.801
204.805
204.809
204.814
204.818
204.822
204.826
204.831
204.835
204.839
204.843
204.848
204.852
204.856
204.861
204.865
204.869
204.873
204.878
204.882
204.886
204.891
204.895
204.899
204.903
204.908
204.912
204.916
204.921
204.925
204.929
204.933
204.938
204.942
204.946
204.951
204.955
204.959
204.963
204.968
204.972
204.976
204.981
204.985
204.989
204.993
204.998
205.002
205.006
205.011
205.015
205.019
205.024
205.028
205.032
205.036
205.041
205.045
205.049
205.054
205.058
205.062
205.067
205.071
205.075
205.079
205.084
205.088
205.092
205.097
205.101
205.105
205.11
205.114
205.118
205.123
205.127
205.131
205.136
205.14
205.144
205.148
205.153
205.157
205.161
205.166
205.17
205.174
205.179
205.183
205.187
205.192
205.196
205.2
205.205
205.209
205.213
205.218
205.222
205.226
205.231
205.235
205.239
205.244
205.248
205.252
205.257
205.261
205.265
205.27
205.274
205.278
205.283
205.287
205.291
205.296
205.3
205.304
205.309
205.313
205.317
205.322
205.326
205.33
205.335
205.339
205.343
205.348
205.352
205.356
205.361
205.365
205.369
205.374
205.378
205.382
205.387
205.391
205.395
205.4
205.404
205.408
205.413
205.417
205.421
205.426
205.43
205.434
205.439
205.443
205.448
205.452
205.456
205.461
205.465
205.469
205.474
205.478
205.482
205.487
205.491
205.495
205.5
205.504
205.508
205.513
205.517
205.521
205.526
205.53
205.535
205.539
205.543
205.548
205.552
205.556
205.561
205.565
205.569
205.574
205.578
205.582
205.587
205.591
205.596
205.6
205.604
205.609
205.613
205.617
205.622
205.626
205.63
205.635
205.639
205.644
205.648
205.652
205.657
205.661
205.665
205.67
205.674
205.679
205.683
205.687
205.692
205.696
205.7
205.705
205.709
205.714
205.718
205.722
205.727
205.731
205.735
205.74
205.744
205.749
205.753
205.757
205.762
205.766
205.77
205.775
205.779
205.784
205.788
205.792
205.797
205.801
205.806
205.81
205.814
205.819
205.823
205.828
205.832
205.836
205.841
205.845
205.849
205.854
205.858
205.863
205.867
205.871
205.876
205.88
205.885
205.889
205.893
205.898
205.902
205.907
205.911
205.915
205.92
205.924
205.929
205.933
205.937
205.942
205.946
205.951
205.955
205.96
205.964
205.968
205.973
205.977
205.982
205.986
205.99
205.995
205.999
206.004
206.008
206.012
206.017
206.021
206.026
206.03
206.035
206.039
206.043
206.048
206.052
206.057
206.061
206.065
206.07
206.074
206.079
206.083
206.088
206.092
206.096
206.101
206.105
206.11
206.114
206.119
206.123
206.127
206.132
206.136
206.141
206.145
206.149
206.154
206.158
206.163
206.167
206.172
206.176
206.18
206.185
206.189
206.194
206.198
206.203
206.207
206.211
206.216
206.22
206.225
206.229
206.234
206.238
206.242
206.247
206.251
206.256
206.26
206.265
206.269
206.274
206.278
206.282
206.287
206.291
206.296
206.3
206.305
206.309
206.314
206.318
206.322
206.327
206.331
206.336
206.34
206.345
206.349
206.354
206.358
206.362
206.367
206.371
206.376
206.38
206.385
206.389
206.394
206.398
206.403
206.407
206.411
206.416
206.42
206.425
206.429
206.434
206.438
206.443
206.447
206.452
206.456
206.461
206.465
206.469
206.474
206.478
206.483
206.487
206.492
206.496
206.501
206.505
206.51
206.514
206.519
206.523
206.528
206.532
206.536
206.541
206.545
206.55
206.554
206.559
206.563
206.568
206.572
206.577
206.581
206.586
206.59
206.595
206.599
206.604
206.608
206.613
206.617
206.622
206.626
206.631
206.635
206.64
206.644
206.649
206.653
206.658
206.662
206.667
206.671
206.675
206.68
206.684
206.689
206.693
206.698
206.702
206.707
206.711
206.716
206.72
206.725
206.729
206.734
206.738
206.743
206.747
206.752
206.756
206.761
206.765
206.77
206.774
206.779
206.783
206.788
206.792
206.797
206.801
206.806
206.81
206.815
206.819
206.824
206.828
206.833
206.837
206.842
206.846
206.851
206.855
206.86
206.864
206.869
206.873
206.878
206.882
206.887
206.891
206.896
206.9
206.905
206.909
206.914
206.918
206.923
206.927
206.932
206.936
206.941
206.945
206.95
206.955
206.959
206.964
206.968
206.973
206.977
206.982
206.986
206.991
206.995
207
207.004
207.009
207.013
207.018
207.022
207.027
207.031
207.036
207.04
207.045
207.049
207.054
207.059
207.063
207.068
207.072
207.077
207.081
207.086
207.09
207.095
207.099
207.104
207.108
207.113
207.117
207.122
207.127
207.131
207.136
207.14
207.145
207.149
207.154
207.158
207.163
207.167
207.172
207.176
207.181
207.186
207.19
207.195
207.199
207.204
207.208
207.213
207.217
207.222
207.226
207.231
207.236
207.24
207.245
207.249
207.254
207.258
207.263
207.267
207.272
207.277
207.281
207.286
207.29
207.295
207.299
207.304
207.308
207.313
207.318
207.322
207.327
207.331
207.336
207.34
207.345
207.349
207.354
207.359
207.363
207.368
207.372
207.377
207.381
207.386
207.39
207.395
207.4
207.404
207.409
207.413
207.418
207.422
207.427
207.432
207.436
207.441
207.445
207.45
207.454
207.459
207.464
207.468
207.473
207.477
207.482
207.486
207.491
207.496
207.5
207.505
207.509
207.514
207.518
207.523
207.528
207.532
207.537
207.541
207.546
207.55
207.555
207.56
207.564
207.569
207.573
207.578
207.583
207.587
207.592
207.596
207.601
207.605
207.61
207.615
207.619
207.624
207.628
207.633
207.638
207.642
207.647
207.651
207.656
207.661
207.665
207.67
207.674
207.679
207.683
207.688
207.693
207.697
207.702
207.706
207.711
207.716
207.72
207.725
207.729
207.734
207.739
207.743
207.748
207.752
207.757
207.762
207.766
207.771
207.776
207.78
207.785
207.789
207.794
207.799
207.803
207.808
207.812
207.817
207.822
207.826
207.831
207.835
207.84
207.845
207.849
207.854
207.859
207.863
207.868
207.872
207.877
207.882
207.886
207.891
207.896
207.9
207.905
207.909
207.914
207.919
207.923
207.928
207.932
207.937
207.942
207.946
207.951
207.956
207.96
207.965
207.969
207.974
207.979
207.983
207.988
207.993
207.997
208.002
208.006
208.011
208.016
208.02
208.025
208.03
208.034
208.039
208.044
208.048
208.053
208.057
208.062
208.067
208.071
208.076
208.081
208.085
208.09
208.095
208.099
208.104
208.108
208.113
208.118
208.122
208.127
208.132
208.136
208.141
208.146
208.15
208.155
208.16
208.164
208.169
208.174
208.178
208.183
208.187
208.192
208.197
208.201
208.206
208.211
208.215
208.22
208.225
208.229
208.234
208.239
208.243
208.248
208.253
208.257
208.262
208.267
208.271
208.276
208.281
208.285
208.29
208.295
208.299
208.304
208.309
208.313
208.318
208.323
208.327
208.332
208.337
208.341
208.346
208.351
208.355
208.36
208.365
208.369
208.374
208.379
208.383
208.388
208.393
208.398
208.402
208.407
208.412
208.416
208.421
208.426
208.43
208.435
208.44
208.444
208.449
208.454
208.458
208.463
208.468
208.473
208.477
208.482
208.487
208.491
208.496
208.501
208.505
208.51
208.515
208.519
208.524
208.529
208.533
208.538
208.543
208.548
208.552
208.557
208.562
208.566
208.571
208.576
208.58
208.585
208.59
208.594
208.599
208.604
208.609
208.613
208.618
208.623
208.627
208.632
208.637
208.641
208.646
208.651
208.656
208.66
208.665
208.67
208.674
208.679
208.684
208.689
208.693
208.698
208.703
208.707
208.712
208.717
208.722
208.726
208.731
208.736
208.74
208.745
208.75
208.755
208.759
208.764
208.769
208.773
208.778
208.783
208.788
208.792
208.797
208.802
208.807
208.811
208.816
208.821
208.826
208.83
208.835
208.84
208.844
208.849
208.854
208.859
208.863
208.868
208.873
208.878
208.882
208.887
208.892
208.897
208.901
208.906
208.911
208.915
208.92
208.925
208.93
208.935
208.939
208.944
208.949
208.953
208.958
208.963
208.968
208.972
208.977
208.982
208.987
208.991
208.996
209.001
209.006
209.01
209.015
209.02
209.025
209.029
209.034
209.039
209.044
209.048
209.053
209.058
209.063
209.067
209.072
209.077
209.082
209.086
209.091
209.096
209.101
209.106
209.11
209.115
209.12
209.125
209.129
209.134
209.139
209.144
209.148
209.153
209.158
209.163
209.167
209.172
209.177
209.182
209.186
209.191
209.196
209.201
209.206
209.21
209.215
209.22
209.225
209.229
209.234
209.239
209.244
209.249
209.253
209.258
209.263
209.268
209.272
209.277
209.282
209.287
209.292
209.296
209.301
209.306
209.311
209.315
209.32
209.325
209.33
209.335
209.339
209.344
209.349
209.354
209.359
209.363
209.368
209.373
209.378
209.383
209.387
209.392
209.397
209.402
209.407
209.411
209.416
209.421
209.426
209.431
209.435
209.44
209.445
209.45
209.455
209.459
209.464
209.469
209.474
209.479
209.483
209.488
209.493
209.498
209.503
209.507
209.512
209.517
209.522
209.527
209.532
209.536
209.541
209.546
209.551
209.556
209.56
209.565
209.57
209.575
209.58
209.585
209.589
209.594
209.599
209.604
209.609
209.613
209.618
209.623
209.628
209.633
209.638
209.642
209.647
209.652
209.657
209.662
209.667
209.671
209.676
209.681
209.686
209.691
209.695
209.7
209.705
209.71
209.715
209.72
209.725
209.729
209.734
209.739
209.744
209.749
209.754
209.758
209.763
209.768
209.773
209.778
209.783
209.787
209.792
209.797
209.802
209.807
209.812
209.816
209.821
209.826
209.831
209.836
209.841
209.846
209.85
209.855
209.86
209.865
209.87
209.875
209.88
209.884
209.889
209.894
209.899
209.904
209.909
209.914
209.918
209.923
209.928
209.933
209.938
209.943
209.948
209.953
209.957
209.962
209.967
209.972
209.977
209.982
209.987
209.992
209.996
210.001
210.006
210.011
210.016
210.021
210.026
210.031
210.035
210.04
210.045
210.05
210.055
210.06
210.065
210.07
210.074
210.079
210.084
210.089
210.094
210.099
210.104
210.109
210.113
210.118
210.123
210.128
210.133
210.138
210.143
210.148
210.153
210.157
210.162
210.167
210.172
210.177
210.182
210.187
210.192
210.197
210.201
210.206
210.211
210.216
210.221
210.226
210.231
210.236
210.241
210.246
210.25
210.255
210.26
210.265
210.27
210.275
210.28
210.285
210.29
210.295
210.299
210.304
210.309
210.314
210.319
210.324
210.329
210.334
210.339
210.344
210.349
210.354
210.358
210.363
210.368
210.373
210.378
210.383
210.388
210.393
210.398
210.403
210.408
210.412
210.417
210.422
210.427
210.432
210.437
210.442
210.447
210.452
210.457
210.462
210.467
210.472
210.477
210.481
210.486
210.491
210.496
210.501
210.506
210.511
210.516
210.521
210.526
210.531
210.536
210.541
210.546
210.551
210.556
210.561
210.565
210.57
210.575
210.58
210.585
210.59
210.595
210.6
210.605
210.61
210.615
210.62
210.625
210.63
210.635
210.64
210.644
210.649
210.654
210.659
210.664
210.669
210.674
210.679
210.684
210.689
210.694
210.699
210.704
210.709
210.714
210.719
210.724
210.729
210.734
210.739
210.744
210.749
210.754
210.758
210.763
210.768
210.773
210.778
210.783
210.788
210.793
210.798
210.803
210.808
210.813
210.818
210.823
210.828
210.833
210.838
210.843
210.848
210.853
210.858
210.863
210.868
210.873
210.878
210.883
210.888
210.893
210.898
210.903
210.908
210.913
210.918
210.923
210.928
210.933
210.938
210.943
210.948
210.953
210.958
210.963
210.968
210.973
210.978
210.983
210.988
210.993
210.998
211.003
211.008
211.013
211.018
211.023
211.028
211.033
211.038
211.043
211.048
211.053
211.058
211.063
211.068
211.073
211.078
211.083
211.088
211.093
211.098
211.103
211.108
211.113
211.118
211.123
211.128
211.133
211.138
211.143
211.148
211.153
211.158
211.163
211.168
211.173
211.178
211.183
211.188
211.193
211.198
211.203
211.208
211.213
211.218
211.223
211.228
211.233
211.238
211.243
211.248
211.253
211.258
211.263
211.268
211.273
211.278
211.283
211.288
211.293
211.298
211.303
211.308
211.313
211.318
211.323
211.329
211.334
211.339
211.344
211.349
211.354
211.359
211.364
211.369
211.374
211.379
211.384
211.389
211.394
211.399
211.404
211.409
211.414
211.419
211.424
211.429
211.434
211.439
211.445
211.45
211.455
211.46
211.465
211.47
211.475
211.48
211.485
211.49
211.495
211.5
211.505
211.51
211.515
211.52
211.525
211.531
211.536
211.541
211.546
211.551
211.556
211.561
211.566
211.571
211.576
211.581
211.586
211.591
211.596
211.601
211.606
211.612
211.617
211.622
211.627
211.632
211.637
211.642
211.647
211.652
211.657
211.662
211.667
211.672
211.677
211.683
211.688
211.693
211.698
211.703
211.708
211.713
211.718
211.723
211.728
211.733
211.738
211.744
211.749
211.754
211.759
211.764
211.769
211.774
211.779
211.784
211.789
211.794
211.8
211.805
211.81
211.815
211.82
211.825
211.83
211.835
211.84
211.845
211.851
211.856
211.861
211.866
211.871
211.876
211.881
211.886
211.891
211.896
211.902
211.907
211.912
211.917
211.922
211.927
211.932
211.937
211.942
211.948
211.953
211.958
211.963
211.968
211.973
211.978
211.983
211.989
211.994
211.999
212.004
212.009
212.014
212.019
212.024
212.029
212.035
212.04
212.045
212.05
212.055
212.06
212.065
212.07
212.076
212.081
212.086
212.091
212.096
212.101
212.106
212.111
212.117
212.122
212.127
212.132
212.137
212.142
212.147
212.153
212.158
212.163
212.168
212.173
212.178
212.183
212.189
212.194
212.199
212.204
212.209
212.214
212.219
212.225
212.23
212.235
212.24
212.245
212.25
212.256
212.261
212.266
212.271
212.276
212.281
212.286
212.292
212.297
212.302
212.307
212.312
212.317
212.323
212.328
212.333
212.338
212.343
212.348
212.354
212.359
212.364
212.369
212.374
212.38
212.385
212.39
212.395
212.4
212.405
212.411
212.416
212.421
212.426
212.431
212.436
212.442
212.447
212.452
212.457
212.462
212.468
212.473
212.478
212.483
212.488
212.493
212.499
212.504
212.509
212.514
212.519
212.525
212.53
212.535
212.54
212.545
212.551
212.556
212.561
212.566
212.571
212.576
212.582
212.587
212.592
212.597
212.602
212.608
212.613
212.618
212.623
212.628
212.634
212.639
212.644
212.649
212.655
212.66
212.665
212.67
212.675
212.681
212.686
212.691
212.696
212.701
212.707
212.712
212.717
212.722
212.728
212.733
212.738
212.743
212.748
212.754
212.759
212.764
212.769
212.775
212.78
212.785
212.79
212.796
212.801
212.806
212.811
212.816
212.822
212.827
212.832
212.837
212.843
212.848
212.853
212.858
212.864
212.869
212.874
212.879
212.885
212.89
212.895
212.9
212.906
212.911
212.916
212.921
212.926
212.932
212.937
212.942
212.947
212.953
212.958
212.963
212.968
212.974
212.979
212.984
212.99
212.995
213
213.005
213.011
213.016
213.021
213.026
213.032
213.037
213.042
213.047
213.053
213.058
213.063
213.068
213.074
213.079
213.084
213.09
213.095
213.1
213.105
213.111
213.116
213.121
213.126
213.132
213.137
213.142
213.148
213.153
213.158
213.163
213.169
213.174
213.179
213.185
213.19
213.195
213.2
213.206
213.211
213.216
213.222
213.227
213.232
213.238
213.243
213.248
213.253
213.259
213.264
213.269
213.275
213.28
213.285
213.29
213.296
213.301
213.306
213.312
213.317
213.322
213.328
213.333
213.338
213.343
213.349
213.354
213.359
213.365
213.37
213.375
213.381
213.386
213.391
213.397
213.402
213.407
213.412
213.418
213.423
213.428
213.434
213.439
213.444
213.45
213.455
213.46
213.466
213.471
213.476
213.482
213.487
213.492
213.498
213.503
213.508
213.514
213.519
213.524
213.53
213.535
213.54
213.546
213.551
213.556
213.562
213.567
213.572
213.578
213.583
213.588
213.594
213.599
213.604
213.61
213.615
213.62
213.626
213.631
213.637
213.642
213.647
213.653
213.658
213.663
213.669
213.674
213.679
213.685
213.69
213.695
213.701
213.706
213.712
213.717
213.722
213.728
213.733
213.738
213.744
213.749
213.754
213.76
213.765
213.771
213.776
213.781
213.787
213.792
213.797
213.803
213.808
213.814
213.819
213.824
213.83
213.835
213.84
213.846
213.851
213.857
213.862
213.867
213.873
213.878
213.883
213.889
213.894
213.9
213.905
213.91
213.916
213.921
213.927
213.932
213.937
213.943
213.948
213.954
213.959
213.964
213.97
213.975
213.981
213.986
213.991
213.997
214.002
214.008
214.013
214.018
214.024
214.029
214.035
214.04
214.045
214.051
214.056
214.062
214.067
214.073
214.078
214.083
214.089
214.094
214.1
214.105
214.11
214.116
214.121
214.127
214.132
214.138
214.143
214.148
214.154
214.159
214.165
214.17
214.176
214.181
214.186
214.192
214.197
214.203
214.208
214.214
214.219
214.224
214.23
214.235
214.241
214.246
214.252
214.257
214.263
214.268
214.273
214.279
214.284
214.29
214.295
214.301
214.306
214.312
214.317
214.323
214.328
214.333
214.339
214.344
214.35
214.355
214.361
214.366
214.372
214.377
214.383
214.388
214.393
214.399
214.404
214.41
214.415
214.421
214.426
214.432
214.437
214.443
214.448
214.454
214.459
214.465
214.47
214.476
214.481
214.487
214.492
214.497
214.503
214.508
214.514
214.519
214.525
214.53
214.536
214.541
214.547
214.552
214.558
214.563
214.569
214.574
214.58
214.585
214.591
214.596
214.602
214.607
214.613
214.618
214.624
214.629
214.635
214.64
214.646
214.651
214.657
214.662
214.668
214.673
214.679
214.684
214.69
214.695
214.701
214.706
214.712
214.717
214.723
214.728
214.734
214.739
214.745
214.75
214.756
214.761
214.767
214.773
214.778
214.784
214.789
214.795
214.8
214.806
214.811
214.817
214.822
214.828
214.833
214.839
214.844
214.85
214.855
214.861
214.867
214.872
214.878
214.883
214.889
214.894
214.9
214.905
214.911
214.916
214.922
214.927
214.933
214.938
214.944
214.95
214.955
214.961
214.966
214.972
214.977
214.983
214.988
214.994
215
215.005
215.011
215.016
215.022
215.027
215.033
215.038
215.044
215.05
215.055
215.061
215.066
215.072
215.077
215.083
215.089
215.094
215.1
215.105
215.111
215.116
215.122
215.128
215.133
215.139
215.144
215.15
215.156
215.161
215.167
215.172
215.178
215.183
215.189
215.195
215.2
215.206
215.211
215.217
215.223
215.228
215.234
215.239
215.245
215.251
215.256
215.262
215.267
215.273
215.279
215.284
215.29
215.295
215.301
215.307
215.312
215.318
215.323
215.329
215.335
215.34
215.346
215.351
215.357
215.363
215.368
215.374
215.38
215.385
215.391
215.396
215.402
215.408
215.413
215.419
215.425
215.43
215.436
215.441
215.447
215.453
215.458
215.464
215.47
215.475
215.481
215.487
